<<<<<<< HEAD
=======
<<<<<<< HEAD
0 0 0 2 6 0 7 0 1
6 8 0 0 7 0 0 9 0
1 9 0 0 9 4 5 0 0
8 2 0 1 0 0 0 4 0
0 0 4 6 0 2 9 0 0
0 5 0 0 0 3 0 2 8
0 0 9 3 0 0 0 7 4
0 4 0 0 5 0 0 3 6
7 6 3 0 1 8 0 0 0

>>>>>>> 582d0e2390129b7aebc66e307e9bf1fbe39fe1a7

9 0 3 0 4 8 0 0 0
5 1 0 3 2 6 0 0 0
0 4 0 5 9 7 0 2 0
0 0 0 0 0 1 0 4 5
0 8 0 0 5 0 9 1 0
4 5 1 0 3 0 0 0 7
0 0 0 0 7 0 0 0 0
0 7 5 4 6 0 0 3 0
0 0 9 0 1 3 5 7 0
<<<<<<< HEAD


+-------+-------+-------+
| 9 0 3 | 0 4 8 | 0 0 0 |
| 5 1 0 | 3 2 6 | 0 0 0 |
| 0 4 0 | 5 9 7 | 0 2 0 |
+-------+-------+-------+
| 0 0 0 | 0 0 1 | 0 4 5 |
| 0 8 0 | 0 5 0 | 9 1 0 |
| 4 5 1 | 0 3 0 | 0 0 7 |
+-------+-------+-------+
| 0 0 0 | 0 7 0 | 0 0 0 |
| 0 7 5 | 4 6 0 | 0 3 0 |
| 0 0 9 | 0 1 3 | 5 7 0 |
+-------+-------+-------+
=======
=======
5 0 2 4 3 6 1 8 7
0 0 3 2 0 0 9 6 5
6 8 7 5 9 0 3 0 4
0 3 0 6 5 4 8 7 1
0 6 4 0 7 0 5 0 2
0 0 5 8 2 9 0 3 6
9 0 6 3 1 5 2 4 8
3 2 0 7 4 0 0 0 9
0 0 8 0 6 0 0 1 0
>>>>>>> main
>>>>>>> 582d0e2390129b7aebc66e307e9bf1fbe39fe1a7
